A 1 0 2 2 3 2 4 2 5 0 6 0
A7 1 0 2 2 3 0 4 2 5 0 6 0
AM7 1 0 2 2 3 1 4 2 5 0 6 0
Am 1 0 2 1 3 2 4 2 5 0 6 0
Am7 1 0 2 1 3 0 4 2 5 0 6 0
B 1 2 2 4 3 4 4 4 5 2 6 2
B7 1 2 2 0 3 2 4 1 5 2
BM7 1 2 2 4 3 2 4 3 5 2 6 2
Bm 1 2 2 3 3 4 4 4 5 2 6 2
Bm7 1 2 2 3 3 2 4 4 5 2 6 2
C 1 0 2 1 3 0 4 2 5 3
C7 1 0 2 1 3 3 4 2 5 3
CM7 1 0 2 0 3 0 4 2 5 3
Cm 1 3 2 4 3 5 4 5 5 3 6 3
Cm7 1 3 2 4 3 3 4 5 5 3 6 3
Csus4 1 1 2 1 3 0 4 3 5 3
D 1 2 2 3 3 2 4 0 5 0
D7 1 2 2 1 3 2 4 0 5 0
DM7 1 2 2 2 3 2 4 0 5 0
Dm 1 1 2 3 3 2 4 0 5 0
Dm7 1 1 2 1 3 2 4 0 5 0
E 1 0 2 0 3 1 4 2 5 2 6 0
E7 1 0 2 0 3 1 4 0 5 2 6 0
EM7 1 0 2 0 3 1 4 1 5 2 6 0
Em 1 0 2 0 3 0 4 2 5 2 6 0
Em7 1 0 2 0 3 0 4 0 5 2 6 0
F 1 1 2 1 3 2 4 3 5 3 6 1
F7 1 1 2 1 3 2 4 1 5 3 6 1
F9 1 2 2 0 3 1 4 0 5 2 6 0
FM7 1 0 2 1 3 2 4 3 6 0
Fm 1 1 2 1 3 1 4 3 5 3 6 1
Fm7 1 1 2 1 3 1 4 1 5 3 6 1
G 1 3 2 0 3 0 4 0 5 2 6 3
G7 1 1 2 0 3 0 4 0 5 2 6 3
G9 1 3 2 0 3 2 4 0 5 0 6 3
GM7 1 2 2 0 3 0 4 0 5 2 6 3
Gm 1 3 2 3 3 3 4 5 5 5 6 3
Gm7 1 3 2 3 3 3 4 3 5 5 6 3
Last 1 22
