E0 6 0
F0 6 1
Gb0 6 2
G0 6 3
Ab0 6 4
A0 6 5 5 0
Bb0 6 6 5 1
B0 6 7 5 2
C0 6 8 5 3
Db0 6 9 5 4
D0 6 10 5 5 4 0
Eb0 6 11 5 6 4 1
E1 6 12 5 7 4 2
F1 6 13 5 8 4 3
Gb1 6 14 5 9 4 4
G1 6 15 5 10 4 5 3 0
Ab1 6 16 5 11 4 6 3 1
A1 6 17 5 12 4 7 3 2
Bb1 6 18 5 13 4 8 3 3
B1 6 19 5 14 4 9 3 4 2 0
C1 6 20 5 15 4 10 3 5 2 1
Db1 6 21 5 16 4 11 3 6 2 2
D1 6 22 5 17 4 12 3 7 2 3
Eb1 5 18 4 13 3 8 2 4
E2 5 19 4 14 3 9 2 5 1 0
F2 5 20 4 15 3 10 2 6 1 1
Gb2 5 21 4 16 3 11 2 7 1 2
G2 5 22 4 17 3 12 2 8 1 3
Ab2 4 18 3 13 2 9 1 4
A2 4 19 3 14 2 10 1 5
Bb2 4 20 3 15 2 11 1 6
B2 4 21 3 16 2 12 1 7
C2 4 22 3 17 2 13 1 8
Db2 3 18 2 14 1 9
D2 3 19 2 15 1 10
Eb2 3 20 2 16 1 11
E3 3 21 2 17 1 12
F3 3 22 2 18 1 13
Gb3 2 19 1 14
G3 2 20 1 15
Ab3 2 21 1 16
A3 2 22 1 17
Bb3 1 18
B3 1 19
C3 1 20
Db3 1 21
D3 1 22